15113
2716
12494
22621
48934
20508
23730
22242
49489
62079
40452
19485
9197
59643
6429
16303
4413
13151
11148
49373
51982
42712
40052
49184
19442
27955
3506
4015
31960
12484
60956
11052
58264
48128
44809
11783
62249
6997
17350
36777
6530
46572
26450
12920
27449
65372
61215
4424
22152
17558
43031
50245
8296
6816
10401
48395
29576
20784
26261
26504
60323
14121
11692
58622
3417
63246
12744
19950
23640
54756
858
59752
27796
62605
45699
37454
41197
41409
12963
14275
24313
24215
19211
35732
32304
149
64985
12849
40303
12072
10898
12755
26191
12114
57994
42054
65226
9098
28798
26218
31026
46951
46658
25665
50397
33603
60020
20118
55632
13150
20434
49704
50830
54485
36724
54744
18787
18690
31243
28764
5865
14801
6552
56336
30852
30638
57354
41865
3684
10222
1841
35118
48024
55677
48786
16922
18647
30983
56157
48858
13345
16018
26889
7557
16347
22602
44373
42620
36304
6558
7193
23082
42646
26355
62716
59510
36202
36193
11016
23688
37142
36692
2690
12173
42219
35545
20548
52484
48855
24857
65056
14781
41451
22589
52411
34195
5384
32238
17456
56841
21681
2331
3327
34550
29358
37394
12604
7412
49030
26652
48717
25948
36288
36973
26808
34745
63271
37713
39139
63132
30154
28209
12427
2172
24160
5138
43104
28246
44490
26150
4755
23533
20550
35770
34306
32438
35903
57384
21708
23346
40336
9959
52217
34460
46505
30065
38859
35594
31480
59638
1078
20586
4843
11958
23210
17260
40884
35303
30815
26304
39516
1338
15009
10552
23664
4319
37846
36574
40804
58452
33760
41368
25678
36346
64499
35453
8703
58641
4203
23866
56024
22049
7657
56646
50307
16875
33035
6020
64248
60423
46326
62545
41850
36033
37788
11361
21579
20893
46792
47172
18558
1418
47413
46409
11632
54667
10058
17653
22092
35945
5645
29867
4906
36998
36918
15290
22938
36386
50189
62679
64880
44679
15395
59325
24412
30232
34926
58885
48324
20556
57323
13820
36463
42311
11228
62761
37735
18849
4264
21724
2034
43506
19445
2985
63311
16710
49043
43362
48828
30705
52262
9755
31474
49045
63633
43658
52142
44498
822
46765
50233
35102
19264
7491
470
34628
25091
54752
19010
15077
39348
7695
10918
63862
38717
23209
19398
32260
33622
24400
24489
39519
9005
20776
4412
20683
17794
1460
27786
24618
58830
11660
5902
54185
46815
38489
327
64038
28863
34521
11654
49270
62850
31891
49639
33022
52706
7054
62786
13043
31587
51053
60949
32795
64168
24700
24657
45442
36790
57679
28788
58997
36695
57414
2379
30080
30500
11879
41604
16689
59607
16453
17160
51899
22523
45234
63355
48839
45773
54761
48323
65000
33495
2777
3426
56747
57106
21950
30671
47649
45911
32041
22866
21910
61124
19371
38195
58818
59348
49760
49338
48889
61581
47647
13002
1842
41540
1062
63208
47157
48862
29758
10421
64112
49071
31060
25428
52382
55336
34109
63822
18547
38627
41579
43624
11628
41571
15743
44767
49581
47695
33508
44984
24854
2666
19498
46031
5445
35886
43057
3566
27074
14066
41536
60167
65247
53107
18837
36308
34753
30254
47730
28599
19702
33558
20027
6992
43336
42086
18234
27864
29231
41137
37152
5163
52436
2308
14073
28156
35868
51866
19653
37374
6128
3826
29724
25666
51809
37088
12983
32162
10316
19521
50566
23454
59695
47058
21855
53236
12636
1134
47561
34226
631
54785
46258
24792
52454
45004
38378
53483
20844
45800
61606
2748
317
6619
54961
48042
42000
2707
24213
46613
58392
22425
61904
29853
7929
48652
32993
5515
27950
11799
43602
41636
42893
861
43657
30931
32791
32984
31277
24524
49484
56156
27273
8559
61718
1736
18651
3153
60160
61105
13611
61904
19665
54233
58712
40879
37083
63159
41899
9359
30477
15485
32756
1827
30938
542
36041
63166
51454
14247
44739
62009
9991
14478
11064
54658
13254
43772
23981
10038
5977
15253
33021
44159
4132
64595
26971
6789
54103
59047
10543
26553
45181
56010
35466
3454
55747
64263
54189
39166
32429
28915
42372
27157
1771
14286
47284
30204
27496
6377
34746
27228
44129
31091
27764
4497
47351
14937
39881
23527
53053
49026
40198
51196
47021
12737
8813
63604
5176
25195
28519
21242
56936
65400
3356
24161
47391
22162
25175
57338
50652
1091
44370
11493
39826
5386
55363
53233
61844
16514
2508
10505
46335
42410
43922
32125
65002
25154
53558
39376
42050
20829
31490
33616
48721
28090
36881
15130
54641
46814
44533
33319
5047
62205
1480
16430
39085
22343
35529
21185
50915
37621
13126
24551
253
13088
7073
58766
32526
3292
896
19972
46235
48082
2120
53010
285
11477
15553
22035
61484
12463
65023
42297
16436
47968
49071
1508
57033
31222
47217
57105
27796
64692
63316
63134
4319
46967
16656
56743
6643
26192
50090
52419
19518
979
33950
8704
51911
61509
5738
30922
10215
24678
61604
31083
43562
53003
61473
39716
58984
22884
25876
5790
599
29158
27089
45000
51681
46263
26730
9057
2534
22815
64920
20120
44280
27039
14060
21441
63039
46765
20261
24392
1112
12846
63476
26868
56824
54019
19199
39056
35974
17168
7776
24455
55820
57119
37336
978
53287
6475
48012
14707
279
13332
52086
34692
25337
55518
22139
61980
19487
65445
43757
44025
9766
27244
43777
12163
12413
1210
9265
59244
10926
24914
36657
45324
48882
26029
37189
48988
53008
46825
8007
20899
25615
26059
19324
63124
34154
37571
15063
45110
64092
44675
35743
53380
18363
43810
20485
14011
47877
60442
14828
11191
8201
17412
27645
17732
48608
34015
46389
54924
21126
30333
35330
48075
9755
50494
32427
2686
43002
13626
9395
64198
52472
6692
9725
27559
3862
30303
8059
47016
14399
55951
51184
17221
19315
1582
14382
45015
61038
45138
61327
60783
45394
51475
21337
22988
50887
59215
45203
39740
64885
40720
8140
12630
42930
51636
24495
39954
12447
44455
49227
8509
16940
46865
25549
23002
63114
37039
25736
55739
48433
54072
14717
5453
34923
54720
64710
39049
61512
334
59413
14498
11089
12577
32198
1143
49339
24191
54853
51261
25331
3676
31975
17358
28948
38703
8741
4672
45507
31207
18059
25068
14050
16549
24310
16134
18253
58509
62267
28130
14066
55433
57635
52729
20036
60541
27155
30973
7270
10932
36667
23368
41917
11048
45419
49542
56179
42262
34027
17512
41337
610
26834
